timeouts=1/1800=0.000556 (UB95=0.003140)
missings=0/1800=0.000000 (UB95=0.002130)
