timeouts=1/600=0.001667 (UB95=0.009380)
missings=0/600=0.000000 (UB95=0.006362)
